47,94
47,93
47,92
47,91
47,90
47,89
47,88
47,87
47,86
47,85
47,84
47,83
47,82
47,81
47,80
47,79
47,78
47,77
47,76
47,75
47,74
47,73
47,72
47,71
47,70
47,69
47,68
47,67
47,66
47,65
47,64
47,36
47,35
47,34
47,33
47,32
47,31
47,30
47,29
47,28
47,27
47,26
47,25
47,24
47,23
47,22
47,21
47,20
47,19
47,18
47,17
47,16
47,15
47,14
47,13
47,12
47,11
47,10
47,9
47,8
47,7
47,6
47,5
56,35
0,273
0,270
3,2
3,1
3,3
10,207
10,265
10,179
10,221
10,87
10,209
10,251
10,85
11,10
11,11
11,15
11,5
9,5
9,1
9,7
9,2
9,3
8,5
8,10
8,14
8,8
8,7
8,2
8,3
2,2
2,1
2,3
47,4
47,3
